$ANSIBLE_VAULT;1.1;AES256
65643565663933393634313362323564626131663636393763613666333132343432313537663238
3331326133376535343636373563653366333833373166310a373238373237363334636463666639
39306462346262373761383836343764366163623365633730363164653334363061393734663930
3038356163633531330a336161363736353236326661623661376235386166636131643364336364
38386533663461666432643637623237373666623362336566363761653162353362373231623334
61643563383433626632623437346337633033333431353966366561636337643262646365363133
65646436636436316266366533313831626337346132656433656233653333326461663337363764
37353031386361333638643261323739643935656337366461656365663835626235623063383132
64376364653732633636343434333665336566303639626138623837346565356630633130643864
36643930623839313630326635393434663266373865373438656331646638323833363763356232
61613239313138663934303465373665646365643062353634313735326130393537363332656638
63366661393636366562636563663833623065633930636566663239376533396361336362316366
62393439303537326537336333633563656338326362626332653737656462366463363133316336
36613534333938373466616135666663613763396635303230616135373439616139643634636262
33386531633933396636613466646464343365383766613965343035346361343466653239336136
63643735386562343930393434643731653931356136376537646562643333363634636465633664
61316438313264653131303930323262343264643239393934656466343931633531383431643436
63303434363765666230623966373164336334323235353065613232313966323937313536323535
61336166396139343031353764363762313130373830333664376538316238643133316364363166
62616464323439616663366333363162333137333531353863393439633164316462323239623935
30356262346632323534616264343562653561376138363761643362343132346239343338346262
62626565636335336461626161386233326362626333343331643030613636636334616661343830
32643861656462393035353261643763336231326462616563656335326133333763353031303566
63356366373539393032653337646561336339616366333735636434353932663664323936386565
63386331663634306431646430323961343034306136323562636636656634393138316136623765
34313532636161613537303231333239356536623264623565363763633031346464363231316235
37383433383065633039326136636435363033303064343761663930613732613862623136386536
31336161326232643763396433356130333639616131326664313030383837626231343634393163
35326238653937643461323461346663353531333564306533343764323330336439366234363132
61363330653639373135323033356664326638343464383930643263343031343565616134363938
39363438633839326663616636366564663862633735326538636566646635666334626365343837
62326663313631386633663061333235666562666565383539306335333039326232333837303661
66356466303161613038656239666236386436316133346232626433383261393361346532373631
38333431386632363138386138373466376531396662373434323066663766386635383564316261
64366166653762373637313066636337303366616538383235383032396563656162333535383337
36353131613465636362366533623937303935313163613135663939323362383231663437353865
66346435666630643334363236616133663737396433313165373963663261373363633266663964
39636436316436343130663165393735663461326263353234613136393966353366646539383334
65386335343430346661643532356631383430333864363238353361663865303138353662323938
37366666353735393933323435316639346564616438326364633666646336653230343338326430
38613838613663343465363263353061376530633130353736663762373533363635623834396636
37366666393030323163383763333133633233353535326534356635613132633834383635633633
63366562633131333637383663663131646663326463613735623835626535303338323932343431
39616263363661353163653438306531393033363632383965386339386631633335396439626537
62656364313838323630336532366162326533643661363039376134326537373336626564646337
32373131383633626166306363643065636333643231306533623462616261333866636165613864
33313965633439626635376239326137666535616361333938386161386162353965613366613934
38393933663633623036396637313264613534363461303038303637313334666564623333346366
36663161653138626239373833646533343262386137306539333864613338373838663235303732
30383239303932643236303230393136633162303464373134323263376438623866633038653539
62393262343333333463666666333239393462316233346437303562616364653337393437323339
65363833626132643966336439643230646537366163343339356330643230653836653839646565
62383364643635623262653762333036623261316531643763623738323630326132343364623361
30366461626562386535353333353937303364323836356562623237396538623566613266373634
62356631346630616139383935633137663738343739646138303336643337313066663265666362
39343738303637656563633734373563313332663261316465343863633138363831373965613362
36623730613334393038346334326531626133663935653933313663666435383833636264316139
34343737633530323937656461353062323262373338633565366434323464333736633862343935
64656130366131346233663637316232333261343637396636646461333764313931343362313839
39386230323831326165326233326631663338613735376538386566636332653236396261613466
37623466333434393561613136346162353965333136376163323434613738316231313930393965
66353636636132313361646336323261363430343563393063373561663230376238326235653338
39326366366132633837363231326562393634666237626639303161643066643862663731636438
64306466363664343532643330633566623266333934643866653536653465376161363464316134
36316665666137333736326563646663306437363163353465376431313036666166323139666231
65373038646266656230386263343433343339333631323734333861383665323161633831356139
38343033346233623831663934313663326330306161336661616339633863343066313834613664
39373537346663323433656165313166363863656137653339353134336266643865666630633839
37383638316562653932646333313236633361383234313531343732663937343234386439643835
36373662643237393762646437313463356531616437346662663330343636363265613538393466
33636538623932623831376233316237653764393534373732383633316266646466653664363865
32633535303536643030336234646331373231316234303362656366613334653135656137373238
39376336323361306634336263326331386461623833323665353634316630356139393436646661
64623334383330353863336466383332316330646436306538383636346233366532363233656664
32386437376431386261613837623961633330303930383062306266323036363638653733353732
32346363346666616561386662663334396231626661376331313465333433623061383936326366
37316337333337383537373265363633663963376233386361613035373831323835366666323063
64623737373135346539316165643439626134343331653730363930313662363665396432393965
36353364373039396266366261383162333839663438313564383637303534663130353763376361
30393336363262306435643665643834316466376233616138366539353231363634353736353337
36666632646638316563643834353361373836393565626164333762323238623062646136393033
61353263653731323635626439653164653162313938656337393431633531303436353034613936
30373766636235633930656562373335636336646363336333316639313466323261643839383739
33663933383731613036343235333536326131303634353338386264343337646237303461663864
61323265626234666336376564613131346537633237343831653863633033336165326561313435
61396161386138633237653262633737626636383932323162393964633463633233323038333135
66363034636233323865316433303232326232663463333561643866366237353934356364373139
32616636346634343834393239336134643565353937646134393965346435373533323764643933
33303662393233343866663136343437666139376466613631303033306364326135373133633236
30613463386166323732393430646566313031323532383762373964393139353239653561336638
65373936643934333736353937313937383833303562366239373232663233656164306136613531
33383261383737343137613961366164366364373939613235316338656636376137316636626539
32353730643636336662616536306664346438373238616662393333613665373633386539626261
66393163663933343930376362373162396133336166333731303632633266323331393631653863
31663630323334393865393036346536336535313463373033376162393139356538346631663566
33633537396565636261396266323662616536363430663635313334613162613966373366616539
35363061306136616137353038643830613832666465323532626137366531653565633363363366
39303830353934383334636537666562336439653463643862613034633965376235346539386235
38326133306666633733306639316535643331373037326362303736663832333034336465353738
64303762363435303038383665613735313165346333376338643465333633373030636361626461
39646436663561303138613561376436653461613535396666396137346130303434373735636366
62373438316236363636646133376339396662336533323835666236653037373263393465623831
66323165393034316630316230636162336134636265316533656139326564333666663865316261
61353634313664383666303636396534343130343362663964643135303736386363386437373233
66326137623834646331663031666437316432633634363337616439303231323238316564636537
36303737663639646630316634646132313863666631353138633161373732653430636539313835
32363738353230643939353037323032343565646635313635303966666363616430353039343138
30333361633439386536616532366136633136343532353937393931623138373161656663643836
39336631613435623464393939393766323132663935383464643835373936343537313966323236
37376538666535333936373535623033353664356361386439623663316364613231663237313333
37303532633735663263356532613730643939353639633736383037316463343061663661666332
39306165353734666339383036356233346165313064646161336266333131316666383465623666
62353166656366386537656431653731626261343162663632356330613639376432633733313133
61326338303938613539343663306132386561316561626462376433366234393864363335303365
66313462363363626466316230393365333236623934633164663766656335613837656233306234
33613532383038316233623935303532326566393634316662653932326566626236313733643632
63663565656637666563396661616230396133326238653661663761633563323161353138666332
33653137626532663239303437333934656436306364303966656339316466303031303335653935
66343865663437346337623038323963623538326533396431626462633662646535316564633236
32313466313830383230653861653066353634376338376638323831666231356463623930336635
31316337363133656266613539653063653437313832623132323139326535633662333863386632
33393835326234613237333239333133636161396532653562353939636132323136646165376434
63303031386231333933376665613531643065383230363263363362396433333634316266326331
61396131376166376633613864363561356330643061326661313032373566376362306130663937
39393834353535326232646162323564323462613435393334326534653036396133396334653535
63373530643562623366623065323063636665373037363132633834333136303963336564393665
30306237666132376332363836643130653733656635633064623134653435353231353863376666
33396137313237633833353434313963373064303766393861386438393635633837663431623134
62376163373762616437326330396335663663633461636632656132643234393135303230616333
32666263323632356433616637326131356664663863613365643438666366613638626363303464
65626536633739323033323435363733386139356561623566663435646432326666313564666663
33633935633236396364343730616164366265633630386635346265313463333962616637393763
35363266643232633237353632643265376166373865623537333765613334356231383361363730
6263333461376263393132663038643864326331313965616432
